,num_id,actual,predicted,diff
3,14.0,1.0,1,0.0
10,60.0,0.0,0,0.0
11,60.0,0.0,0,0.0
14,73.0,0.0,0,0.0
15,73.0,0.0,0,0.0
16,73.0,0.0,0,0.0
22,105.0,1.0,1,0.0
28,1136.0,0.0,0,0.0
37,1203.0,0.0,1,-1.0
38,1203.0,0.0,1,-1.0
50,1264.0,0.0,0,0.0
54,1272.0,0.0,0,0.0
56,1284.0,0.0,0,0.0
57,1284.0,0.0,0,0.0
60,1308.0,0.0,0,0.0
66,1335.0,0.0,1,-1.0
79,1399.0,1.0,0,1.0
80,1399.0,1.0,0,1.0
81,1399.0,1.0,0,1.0
84,1402.0,0.0,1,-1.0
85,1402.0,0.0,1,-1.0
86,1404.0,0.0,0,0.0
100,1688.0,1.0,0,1.0
101,1688.0,1.0,0,1.0
108,1697.0,1.0,1,0.0
118,1710.0,1.0,0,1.0
120,1712.0,1.0,1,0.0
121,1712.0,1.0,1,0.0
122,1712.0,1.0,1,0.0
123,1712.0,1.0,1,0.0
128,1718.0,1.0,1,0.0
129,1718.0,1.0,1,0.0
130,1718.0,1.0,1,0.0
136,1726.0,0.0,0,0.0
139,1730.0,0.0,0,0.0
140,1730.0,0.0,0,0.0
144,1736.0,0.0,0,0.0
145,1736.0,0.0,0,0.0
149,1741.0,0.0,0,0.0
152,1743.0,1.0,1,0.0
153,1743.0,1.0,1,0.0
174,1765.0,0.0,0,0.0
183,1771.0,0.0,0,0.0
192,1784.0,1.0,0,1.0
200,1798.0,0.0,0,0.0
201,1798.0,0.0,0,0.0
204,1800.0,0.0,1,-1.0
205,1800.0,0.0,1,-1.0
255,1844.0,0.0,0,0.0
256,1844.0,0.0,0,0.0
257,1844.0,0.0,0,0.0
259,1849.0,0.0,0,0.0
260,1849.0,0.0,0,0.0
265,1854.0,0.0,0,0.0
273,1868.0,0.0,0,0.0
280,1885.0,1.0,1,0.0
281,1885.0,1.0,1,0.0
284,1889.0,1.0,1,0.0
285,1889.0,1.0,1,0.0
286,1889.0,1.0,1,0.0
311,1916.0,0.0,0,0.0
