,num_id,actual,predicted,diff
1,13.0,1.0,1,0.0
2,13.0,1.0,1,0.0
3,14.0,1.0,1,0.0
6,44.0,0.0,0,0.0
11,73.0,0.0,0,0.0
12,73.0,0.0,0,0.0
13,73.0,0.0,0,0.0
15,94.0,0.0,0,0.0
16,94.0,0.0,0,0.0
21,140.0,0.0,0,0.0
39,1240.0,0.0,0,0.0
40,1240.0,0.0,0,0.0
57,1319.0,1.0,0,1.0
58,1319.0,1.0,0,1.0
62,1338.0,0.0,0,0.0
64,1348.0,1.0,1,0.0
65,1348.0,1.0,1,0.0
66,1348.0,1.0,1,0.0
85,1430.0,1.0,0,1.0
86,1430.0,1.0,0,1.0
106,1716.0,1.0,0,1.0
107,1716.0,1.0,0,1.0
111,1726.0,0.0,0,0.0
114,1730.0,0.0,0,0.0
115,1730.0,0.0,0,0.0
123,1741.0,0.0,0,0.0
139,1757.0,0.0,0,0.0
149,1766.0,1.0,0,1.0
150,1766.0,1.0,0,1.0
165,1784.0,1.0,0,1.0
168,1789.0,0.0,0,0.0
169,1789.0,0.0,0,0.0
170,1789.0,0.0,0,0.0
182,1804.0,0.0,0,0.0
197,1817.0,0.0,0,0.0
228,1846.0,0.0,0,0.0
229,1849.0,0.0,0,0.0
230,1849.0,0.0,0,0.0
237,1857.0,1.0,1,0.0
238,1859.0,0.0,1,-1.0
245,1871.0,0.0,1,-1.0
253,1889.0,1.0,0,1.0
254,1889.0,1.0,0,1.0
255,1889.0,1.0,0,1.0
257,1893.0,1.0,1,0.0
258,1893.0,1.0,1,0.0
259,1893.0,1.0,1,0.0
260,1894.0,0.0,1,-1.0
267,1903.0,0.0,0,0.0
268,1903.0,0.0,0,0.0
274,1908.0,0.0,1,-1.0
275,1911.0,1.0,0,1.0
276,1911.0,1.0,0,1.0
278,1913.0,0.0,0,0.0
279,1913.0,0.0,0,0.0
