,num_id,actual,predicted,diff
9,71.0,1.0,0,1.0
10,71.0,1.0,0,1.0
20,127.0,0.0,0,0.0
27,1173.0,0.0,0,0.0
28,1173.0,0.0,0,0.0
29,1173.0,0.0,0,0.0
36,1207.0,0.0,0,0.0
37,1207.0,0.0,0,0.0
38,1238.0,0.0,0,0.0
43,1261.0,0.0,0,0.0
54,1308.0,0.0,0,0.0
55,1313.0,0.0,0,0.0
56,1313.0,0.0,0,0.0
60,1335.0,0.0,0,0.0
69,1358.0,0.0,0,0.0
70,1382.0,0.0,0,0.0
71,1382.0,0.0,0,0.0
72,1382.0,0.0,0,0.0
83,1426.0,0.0,1,-1.0
84,1426.0,0.0,1,-1.0
102,1697.0,0.0,0,0.0
112,1727.0,0.0,0,0.0
113,1727.0,0.0,0,0.0
121,1737.0,0.0,0,0.0
124,1742.0,-1.0,0,-1.0
125,1742.0,-1.0,0,-1.0
140,1758.0,-1.0,0,-1.0
141,1758.0,-1.0,0,-1.0
148,1765.0,0.0,0,0.0
160,1779.0,0.0,-1,1.0
171,1794.0,0.0,0,0.0
175,1799.0,1.0,0,1.0
176,1799.0,1.0,0,1.0
177,1800.0,0.0,0,0.0
178,1800.0,0.0,0,0.0
196,1816.0,0.0,0,0.0
198,1819.0,0.0,0,0.0
207,1828.0,0.0,0,0.0
217,1837.0,0.0,0,0.0
222,1842.0,0.0,0,0.0
223,1842.0,0.0,0,0.0
224,1842.0,0.0,0,0.0
225,1844.0,0.0,0,0.0
226,1844.0,0.0,0,0.0
227,1844.0,0.0,0,0.0
232,1853.0,0.0,0,0.0
233,1853.0,0.0,0,0.0
234,1853.0,0.0,0,0.0
247,1883.0,0.0,0,0.0
248,1883.0,0.0,0,0.0
261,1896.0,0.0,0,0.0
262,1896.0,0.0,0,0.0
269,1904.0,1.0,0,1.0
281,1917.0,1.0,0,1.0
282,1917.0,1.0,0,1.0
