,num_id,actual,predicted,diff
4,29.0,1.0,1,0.0
5,29.0,1.0,1,0.0
19,105.0,0.0,0,0.0
25,1136.0,0.0,0,0.0
30,1191.0,0.0,0,0.0
31,1191.0,0.0,0,0.0
42,1255.0,0.0,0,0.0
50,1284.0,0.0,0,0.0
51,1284.0,0.0,0,0.0
59,1323.0,0.0,0,0.0
78,1402.0,1.0,0,1.0
79,1402.0,1.0,0,1.0
80,1404.0,0.0,0,0.0
87,1431.0,0.0,0,0.0
88,1431.0,0.0,0,0.0
89,1431.0,0.0,0,0.0
90,1431.0,0.0,0,0.0
94,1688.0,0.0,0,0.0
95,1688.0,0.0,0,0.0
109,1725.0,0.0,0,0.0
110,1725.0,0.0,0,0.0
116,1732.0,0.0,0,0.0
117,1732.0,0.0,0,0.0
126,1743.0,-1.0,0,-1.0
127,1743.0,-1.0,0,-1.0
135,1753.0,0.0,0,0.0
137,1756.0,0.0,0,0.0
138,1756.0,0.0,0,0.0
144,1760.0,0.0,0,0.0
157,1771.0,0.0,0,0.0
167,1787.0,0.0,0,0.0
180,1803.0,0.0,0,0.0
181,1803.0,0.0,0,0.0
191,1811.0,0.0,0,0.0
192,1811.0,0.0,0,0.0
204,1827.0,-1.0,0,-1.0
205,1827.0,-1.0,0,-1.0
206,1827.0,-1.0,0,-1.0
213,1832.0,0.0,0,0.0
214,1835.0,0.0,0,0.0
215,1835.0,0.0,0,0.0
218,1839.0,-1.0,0,-1.0
219,1839.0,-1.0,0,-1.0
220,1839.0,-1.0,0,-1.0
221,1840.0,0.0,0,0.0
231,1850.0,0.0,0,0.0
239,1862.0,-1.0,0,-1.0
240,1862.0,-1.0,0,-1.0
243,1869.0,-1.0,0,-1.0
246,1877.0,1.0,0,1.0
252,1888.0,0.0,0,0.0
256,1891.0,0.0,0,0.0
264,1899.0,0.0,0,0.0
265,1899.0,0.0,0,0.0
266,1899.0,0.0,0,0.0
