,num_id,actual,predicted,diff
7,187.0,1.0,1,0.0
10,202.0,0.0,1,-1.0
11,202.0,0.0,1,-1.0
12,207.0,0.0,1,-1.0
21,246.0,1.0,1,0.0
32,303.0,0.0,0,0.0
37,327.0,0.0,1,-1.0
44,359.0,1.0,1,0.0
49,382.0,1.0,1,0.0
56,415.0,0.0,1,-1.0
60,431.0,1.0,0,1.0
64,465.0,1.0,0,1.0
69,488.0,1.0,0,1.0
70,488.0,1.0,0,1.0
71,488.0,1.0,0,1.0
76,524.0,0.0,1,-1.0
86,606.0,0.0,1,-1.0
89,632.0,1.0,0,1.0
90,632.0,1.0,0,1.0
93,640.0,0.0,1,-1.0
101,676.0,0.0,1,-1.0
112,703.0,1.0,1,0.0
113,703.0,1.0,1,0.0
114,709.0,1.0,1,0.0
125,761.0,0.0,1,-1.0
134,825.0,1.0,1,0.0
140,856.0,1.0,1,0.0
141,856.0,1.0,1,0.0
143,865.0,1.0,1,0.0
149,907.0,1.0,1,0.0
155,960.0,0.0,0,0.0
166,1018.0,0.0,0,0.0
175,1081.0,0.0,0,0.0
178,1100.0,1.0,1,0.0
179,1100.0,1.0,1,0.0
