,num_id,actual,predicted,diff
0,161.0,0.0,0,0.0
8,196.0,1.0,1,0.0
16,226.0,0.0,0,0.0
17,226.0,0.0,0,0.0
22,255.0,1.0,1,0.0
26,267.0,1.0,1,0.0
29,283.0,0.0,1,-1.0
33,305.0,0.0,1,-1.0
35,309.0,0.0,0,0.0
36,309.0,0.0,0,0.0
38,331.0,1.0,1,0.0
39,331.0,1.0,1,0.0
45,360.0,1.0,1,0.0
48,379.0,0.0,1,-1.0
51,392.0,1.0,0,1.0
58,428.0,1.0,1,0.0
59,428.0,1.0,1,0.0
61,435.0,0.0,0,0.0
65,483.0,1.0,0,1.0
77,525.0,0.0,0,0.0
96,651.0,1.0,0,1.0
102,682.0,0.0,0,0.0
105,686.0,1.0,1,0.0
106,686.0,1.0,1,0.0
117,720.0,1.0,1,0.0
133,785.0,1.0,1,0.0
135,830.0,1.0,0,1.0
144,877.0,1.0,0,1.0
151,913.0,1.0,1,0.0
156,961.0,0.0,1,-1.0
161,1006.0,1.0,0,1.0
162,1006.0,1.0,0,1.0
167,1023.0,0.0,0,0.0
180,1101.0,1.0,0,1.0
181,1111.0,1.0,1,0.0
