,num_id,actual,predicted,diff
1,166.0,0.0,0,0.0
18,237.0,0.0,-1,1.0
23,260.0,0.0,0,0.0
28,280.0,0.0,1,-1.0
34,307.0,0.0,0,0.0
40,334.0,0.0,0,0.0
47,371.0,1.0,0,1.0
52,402.0,0.0,0,0.0
57,425.0,0.0,0,0.0
66,484.0,0.0,0,0.0
79,571.0,1.0,0,1.0
84,595.0,0.0,0,0.0
85,595.0,0.0,0,0.0
87,610.0,0.0,0,0.0
88,631.0,0.0,0,0.0
99,659.0,0.0,0,0.0
103,684.0,0.0,0,0.0
104,684.0,0.0,0,0.0
107,687.0,0.0,0,0.0
118,725.0,0.0,0,0.0
122,742.0,1.0,0,1.0
123,742.0,1.0,0,1.0
131,779.0,0.0,0,0.0
136,835.0,1.0,0,1.0
137,838.0,0.0,0,0.0
138,838.0,0.0,0,0.0
145,879.0,0.0,0,0.0
153,934.0,0.0,0,0.0
159,991.0,0.0,0,0.0
163,1008.0,0.0,0,0.0
164,1008.0,0.0,0,0.0
168,1030.0,0.0,0,0.0
169,1032.0,0.0,0,0.0
170,1032.0,0.0,0,0.0
